a_cups:133,133,200,0,85,200,
a_lego_duplo:133,146,200,6,85,200,
a_toy_airplane:133,160,200,12,85,200,
adjustable_wrench:133,173,200,18,85,200,
b_cups:133,186,200,24,85,200,
b_lego_duplo:133,200,200,30,85,200,
b_toy_airplane:133,200,186,36,85,200,
banana:133,200,173,42,85,200,
bleach_cleanser:133,200,160,48,85,200,
bowl:133,200,146,54,85,200,
bowl_a:133,200,133,60,85,200,
c_cups:146,200,133,66,85,200,
c_lego_duplo:160,200,133,72,85,200,
c_toy_airplane:173,200,133,78,85,200,
conditioner:186,200,133,84,85,200,
correction_fuid:200,200,133,90,85,200,
cracker_box:200,186,133,96,85,200,
cup_small:200,173,133,102,85,200,
d_cups:200,160,133,108,85,200,
d_lego_duplo:200,146,133,114,85,200,
d_toy_airplane:200,133,133,120,85,200,
doraemon_bowl:200,133,146,126,85,200,
doraemon_cup:200,133,160,132,85,200,
doraemon_spoon:200,133,173,138,85,200,
e_cups:200,133,186,144,85,200,
e_lego_duplo:199,133,200,150,85,200,
e_toy_airplane:186,133,200,156,85,200,
extra_large_clamp:66,66,200,0,170,200,
f_cups:66,93,200,6,170,200,
f_lego_duplo:66,120,200,12,170,200,
flat_screwdriver:66,146,200,18,170,200,
foam_brick:66,173,200,24,170,200,
fork:66,200,200,30,170,200,
g_cups:66,200,173,36,170,200,
g_lego_duplo:66,200,146,42,170,200,
gelatin_box:66,200,119,48,170,200,
green_arrow:66,200,93,54,170,200,
green_car:66,200,66,60,170,200,
h_cups:93,200,66,66,170,200,
hammer:120,200,66,72,170,200,
hello_kitty_bowl:146,200,66,78,170,200,
hello_kitty_cup:173,200,66,84,170,200,
hello_kitty_plate:200,199,66,90,170,200,
i_cups:200,173,66,96,170,200,
j_cups:200,146,66,102,170,200,
jenga:200,119,66,108,170,200,
knife:200,93,66,114,170,200,
large_clamp:200,66,66,120,170,200,
large_marker:200,66,93,126,170,200,
master_chef_can:200,66,120,132,170,200,
medium_clamp:200,66,146,138,170,200,
mug:200,66,173,144,170,200,
mustard_bottle:199,66,200,150,170,200,
nine_hole_peg_test:173,66,200,156,170,200,
pan_tefal:0,0,200,0,255,200,
pepsi:0,40,200,6,255,200,
phillips_screwdriver:0,80,200,12,255,200,
pigeon:0,120,200,18,255,200,
pitcher_base:0,160,200,24,255,200,
plate:0,200,200,30,255,200,
potted_meat_can:0,200,160,36,255,200,
power_drill:0,200,119,42,255,200,
prism:0,200,79,48,255,200,
pudding_box:0,200,39,54,255,200,
pure_zhen:0,200,0,60,255,200,
realsense_box:40,200,0,66,255,200,
red_car:80,200,0,72,255,200,
redbull:120,200,0,78,255,200,
rubiks_cube:160,200,0,84,255,200,
scissors:200,199,0,90,255,200,
spoon:200,159,0,96,255,200,
sugar_box:200,119,0,102,255,200,
tea_can1:200,79,0,108,255,200,
tomato_soup_can:200,39,0,114,255,200,
tuna_fish_can:200,0,0,120,255,200,
wood_block:200,0,40,126,255,200,
wooden_puzzle1:200,0,80,132,255,200,
wooden_puzzle2:200,0,120,138,255,200,
wooden_puzzle3:200,0,160,144,255,200,
